1 0.49314493451443864 0.195709298183918 0.49126335474759275 0.2097584271097009 0.49051072284085434 0.22230229222200706 0.4957791461880229 0.22230229222200706 0.498037041908238 0.2097584271097009 0.502176517395299 0.20022508962434823 0.49991862167508394 0.18617596069856532
1 0.473576504939241 0.18416894228059633 0.4683080815920724 0.19169526134798004 0.4701896613589183 0.19621105278841028 0.4769633485195637 0.20173035343782497 0.4784686123330404 0.19320052516145675 0.4769633485195637 0.18015490544465837
1 0.47794404583231653 0.14695155749245953 0.4771332624067303 0.15367805702324908 0.47731343650130503 0.1614856011214869 0.4771332624067303 0.16689082395872848 0.4775836976431671 0.17253627892206969 0.4801061349672132 0.1706144219132727 0.4823583111493972 0.15247689639275094 0.4813673536292363 0.1476722538707584
1 0.47372844027372246 0.25165943520724365 0.4698662485439 0.25868160198873913 0.4702173568829748 0.26687412990048387 0.4740795486127972 0.2680444910307331 0.47776618617308236 0.2633630465097361 0.4781172945121571 0.2551705185979914
1 0.4793461736989188 0.22474112921151107 0.4793461736989188 0.23293365712325578 0.4818039320724423 0.23129515154090682 0.48233059458105443 0.22497520143756092 0.48057505288568053 0.22146411804681318
1 0.4860172321413396 0.23269958489720594 0.48513946129365265 0.23878546277450202 0.4856661238022648 0.24253061839129955 0.48935276136254985 0.23831731832240233 0.4897038697016246 0.23316772934930563
1 0.4714462360697365 0.28279104127187354 0.4686373693571383 0.2863021246626213 0.4672329360008392 0.2905154247315186 0.46933958603528786 0.29496279702646566 0.47267511525649814 0.2973035192869642 0.47478176529094684 0.29238800253991737 0.47443065695187203 0.2855999079844717
1 0.4882994363453255 0.27974810233322556 0.4856661238022648 0.28021624678532525 0.48531501546319 0.2846636190802723 0.4865438946499518 0.28770655801892037 0.48935276136254985 0.2863021246626213 0.4902305322102369 0.2818547523676742
1 0.4618260353594976 0.31425661572651875 0.4596967051508873 0.3169865262503781 0.45945101320373993 0.3247394721381387 0.4598604997823189 0.3295441146601313 0.4619079326752134 0.3298717039229944 0.46231741925379227 0.32626822203149997 0.4629725977795186 0.31753250835514996
1 0.4818988222129113 0.25833461288390575 0.48063313642457645 0.26131269709175237 0.4815265616869304 0.2669710570866609 0.48413238536879616 0.2631988170900552 0.48443019378958085 0.25982365498782906
