1 0.46392264911337067 0.2505723738920242 0.48087788569783574 0.252882757778259 0.4952641470422303 0.2505723738920242 0.5055400480025122 0.2465292020911133 0.5127331786747095 0.23526608064571866 0.5127331786747095 0.22775733301545556 0.5050262529544981 0.21880459545629574 0.5050262529544981 0.20783027199668044 0.4973193272342867 0.20205431228109347 0.48498824608194857 0.19656715055128582 0.4546743382491172 0.19396796867927169 0.4469674125289057 0.194256766665051 0.4449122323368493 0.20003272638063804 0.4464536174808916 0.21014065588291525 0.4459398224328775 0.22227017128564794 0.4418294620487648 0.23035651488746972 0.4366915115686238 0.23873165647507086 0.4438846422408211 0.2459516061195546 0.4562157233931593 0.2517275658351416
1 0.3068904802289896 0.3739933915842577 0.3151112009972151 0.3768813714420512 0.32179053662139834 0.374282189570037 0.32435951186146883 0.3693726238117881 0.3192215613813279 0.3638854620819804 0.3099732505170742 0.3601310882668489 0.3027801198448769 0.36215267416730434 0.2971283743167219 0.3523335426508065 0.2904490386925387 0.3485791688356749 0.2832559080203414 0.3456911889778814 0.2791455476362287 0.34771277487833685 0.28222831792431324 0.35406633056548253 0.2899352436445246 0.3595534922952901 0.29455939907665146 0.36504065402509783
1 0.6747677346070797 0.2786900562770724 0.6799056850872206 0.2769572683623962 0.6799056850872206 0.27031491468947116 0.6824746603272911 0.2636725610165461 0.6747677346070797 0.2633837630307668 0.6696297841269387 0.2697373187179125 0.6650056286948121 0.27580207641927884 0.6660332187908402 0.28359962203532124
2 0.3094594554690601 0.13082548755804535 0.3526182395022438 0.1799211451405348 0.37728040180692024 0.1981154182446338 0.4194115957440758 0.2206416611354231 0.4440737580487523 0.19349465047216424 0.4918566975140628 0.19320585248638486 0.5057291638104434 0.20013700414508928 0.5226844003949084 0.16808042772358145 0.4954532628501615 0.15046375059104114 0.4949394678021474 0.1415110130318813 0.5309051211631338 0.1426662049749987 0.5411810221234158 0.14815336670480633 0.5612190289959653 0.16374845793689122 0.5714949299562472 0.18020994312631416 0.5976984774049658 0.20851214573269045 0.6295537703818396 0.18569710485612181 0.6300675654298536 0.17039081160981623 0.6069467882692196 0.15364052843461398 0.592560526924825 0.1455541848327922 0.5976984774049658 0.1106096285534909 0.6141399189414168 0.08461780983334943 0.6305813604778678 0.059492385070546015 0.6285261802858114 0.04736286966781334 0.5468327676515707 0.0337893643361839 0.5175464499147675 0.04043171800910895 0.5052153687624292 0.058914789098987314 0.48671874703392193 0.0704667085301613 0.47490146092959784 0.07566507227418959 0.4651393550173301 0.09212655746361252 0.45640483920109043 0.10079049703699301 0.44510134814478053 0.10136809300855171 0.43328406204045633 0.10858804265303544 0.40708051459173766 0.12909269964336925 0.38190455723904715 0.13717904324519106 0.3454251088300466 0.1432438009465574 0.3223043316694124 0.13775663921674977
1 0.4607371087933901 0.9052662453131333 0.4605192095371957 0.9009794964845406 0.4624803028429449 0.8990198398771839 0.4613908065619732 0.894855569586551 0.45942971325622395 0.8915486490616367 0.45768651920666914 0.8904463422199984 0.4546359296199482 0.8927734344412346 0.45223903780181035 0.8939982198208324 0.45202113854561604 0.9034290672437365 0.4546359296199482 0.9041639384714952 0.45572542590091997 0.9063685521547715
0 0.44724342722512556 0.9000724298007529 0.4479827116699028 0.8960728298694653 0.44779789055870844 0.8906188299631635 0.44844476444788856 0.8833987729443451 0.44872199611468 0.8768020302005326 0.44872199611468 0.8745165445255109 0.4479827116699028 0.8744126588130101 0.44779789055870844 0.8756073445067714 0.4477054800031113 0.8764903730630296 0.44696619555833395 0.8768020302005326 0.4466889638915425 0.8829832300943411 0.4457648583355709 0.8835546015130966 0.4459496794467653 0.8903591156819111 0.4453028055575851 0.8907227156756644 0.4452103950019879 0.8916576870881734 0.4459496794467653 0.8937354013381928 0.4453952161131823 0.8947742584632029 0.4453028055575851 0.8960208870132146 0.44585726889116806 0.8966961441444711 0.4454876266687794 0.8977869441257315
1 0.388099326886597 0.8016769725599941 0.3878960236642832 0.8032768125325093 0.38576133982998884 0.8040767325187669 0.38555803660767507 0.802819715397505 0.3850497785518907 0.8007056411481099 0.38596464305230266 0.8004199554387321
3 0.38474482371842006 0.8051623382144021 0.38159362377255684 0.8071050010381705 0.37905233349363493 0.816018395170755 0.3876927204419695 0.817903920852648 0.393080255833284 0.8170468637245147 0.3917587848882446 0.8108760524019563 0.3917587848882446 0.8082477438756812 0.3890141913870089 0.8060765324844108
3 0.42926777263758065 0.3335654684799071 0.42368522971028727 0.33305935881891613 0.4202636711419461 0.3309336982427544 0.41648194851377973 0.33164225176814166 0.4191831789624701 0.3346789097340869 0.42224457347098576 0.33801923349662677 0.42440555782993805 0.3403473379371848 0.42818728045810445 0.3405497818015812 0.43196900308627095 0.33710823610684315 0.4332295772956598 0.33538746325947416
1 0.4204437531718589 0.3285043718699982 0.4168421125736051 0.32769459641241283 0.41576162039412895 0.3297190350563763 0.41648194851377973 0.33073125437835804 0.4200835891120335 0.33042758858176347 0.42278481956072383 0.3314398079037453 0.4258462140692395 0.3325532491579253 0.42980801872731866 0.3326544710901234 0.4287275265478425 0.33133858597154714 0.42566613203932685 0.3302251447173672 0.4231449836205492 0.32901048153098905
2 0.5704371533542051 0.7356906985785706 0.5832932094696718 0.7288319004528222 0.5848185042630323 0.71829874618828 0.588958590130725 0.7138895188217275 0.574141440709509 0.7110725124486524 0.5656433697179293 0.7110725124486524 0.5608495860816535 0.7146243900494863 0.5551842054206003 0.7184212247262398 0.552569414346268 0.7277295936111841 0.5560558024453778 0.7299342072944605 0.5654254704617349 0.7328736922054954
1 0.45832064864527877 0.5517106622191641 0.46282269939309584 0.5507996648293805 0.46336294548283397 0.5492813358464078 0.4603015509743183 0.5472568972024444 0.4568799924059772 0.5458397901516698 0.45399867992737414 0.545333680490679 0.4505771213590331 0.5450300146940844 0.4507572033889458 0.5470544533380479 0.45399867992737414 0.5486740042532188 0.45507917210685034 0.5512045525581731
1 0.45273810571798534 0.5534314350665331 0.4498567932393824 0.5532289912021366 0.447155562790692 0.5532289912021366 0.4485962190299935 0.5550509859817038 0.4511173674487712 0.5577839781510546 0.4534584338376362 0.5575815342866582 0.45453892601711227 0.556265649168082
1 0.4694857344998653 0.5847090121157694 0.47182680088873036 0.5848102340479676 0.4714666368289049 0.583291905064995 0.4712865547989923 0.5814699102854277 0.4694857344998653 0.5802552470990497 0.4687654063802147 0.5788381400482753 0.46642433999134963 0.578736918116077 0.4649836837520481 0.5783320303872843 0.4630027814230086 0.5791418058448696 0.4651637657819609 0.5822796857430133 0.466784504051175 0.5837980147259858
1 0.4010545631330438 0.5805589128956442 0.40213505531252 0.5788381400482753 0.4014147271928692 0.5774210329975007 0.4001541529834804 0.5761051478789245 0.3988935787740916 0.5753965943535372 0.3978130865946154 0.5753965943535372 0.3963724303553139 0.5764088136755189 0.39673259441513925 0.5782308084550861 0.3978130865946154 0.5799515813024552 0.39871349674417883 0.5807613567600405
