1 0.4271682016401913 0.5811659285911981 0.42330600991036876 0.5837407230777463 0.423692229083351 0.5912076270887365 0.4277475303996647 0.5935249421266301 0.429871735851067 0.5878603942562237
2 0.5096259950719018 0.7760778712229068 0.49398411856612057 0.7147977624430567 0.46868676273578325 0.6522302564199322 0.4617348176221027 0.6342066950140937 0.44802403698123283 0.6205602842353876 0.4271682016401913 0.6128359007757426 0.4117194347209013 0.6035666406241685 0.40051907870441605 0.595069818818559 0.3895118322744219 0.588890312050843 0.37734592832548103 0.5912076270887365 0.36730422982794253 0.6249374348625197 0.369621544865836 0.7057859817401375 0.36460069561706676 0.7668086110713329 0.3568763121574217 0.7964187476666389 0.36672490106846906 0.8095501995480354 0.3748355037010963 0.8237115692240513 0.37502861328758746 0.8486870757435702 0.38758073640951063 0.8422500895271994 0.4049605991937119 0.7974486654612584 0.41693339355616166 0.7889518436556487 0.42195424280493093 0.7696408850065363 0.4370167905512387 0.8005384188451162 0.45092068077859965 0.818047021353645 0.48046644751174183 0.8007958982937712 0.4862597351064755 0.7776227479148361 0.49263235146068274 0.7717007205957749 0.5011291732662922 0.7768503095688716
0 0.4223404619779132 0.6465657085495259 0.42195424280493093 0.6699963383771157 0.42195424280493093 0.6941994065506701 0.42388533866984224 0.7026962283562795 0.4246577770158067 0.6939419271020154 0.42388533866984224 0.6761758451448316
0 0.39721707289875907 0.6465456140034918 0.39721707289875907 0.6545035800685365 0.3977093182223701 0.6593439924173781 0.3987553395350435 0.6605746057264057 0.39967829951681416 0.6577852155592765 0.39943217685500865 0.6531088849849721 0.3983246248768839 0.6463815322289548 0.3977093182223701 0.6435921420618258
0 0.39947735011302293 0.6984005153921038 0.39947735011302293 0.7030246381290557 0.4003164046419054 0.706902934618112 0.4004842155476818 0.7101845701088522 0.4003164046419054 0.7143611970970667 0.4004842155476818 0.7209244680785468 0.40059608948486614 0.7245044340684451 0.39998078283035243 0.7311422876747148 0.40003671979894456 0.7350951667885607 0.4006520264534583 0.7375563934066157 0.40126733310797214 0.7283081479327119 0.4021063876368545 0.7226398684487064 0.4017707658253016 0.710855813731958 0.40115545917078776 0.7070520998676912 0.400875774327827 0.701831316132423
1 0.41946790987149557 0.6297488552517778 0.4172157336893116 0.6301092034409272 0.41658512435830003 0.6326316407649734 0.41694547254744946 0.6365954708456172 0.418837300540484 0.6368357029717168 0.4199183451079323 0.6341931495846209 0.42000843215521966 0.6308298998192261
1 0.43936485096438 0.6889292848427659 0.4376050739324706 0.6906439393866777 0.43774044139646373 0.6938025135465149 0.439906320820352 0.694343983402487 0.4403801069443276 0.6907341843626731 0.4398386370883556 0.6897414896267242
1 0.44396734474014293 0.6685339202678164 0.44173378158425797 0.6704290647637188 0.4431551399561847 0.6719632293556398 0.4453887031120697 0.6720534743316352 0.44599785670003833 0.6697071049557561 0.44484723325609754 0.6688046551958026
1 0.4298214447528716 0.6808072370031844 0.4285354538449378 0.6838755661870263 0.42968607728887853 0.6852292408269566 0.4315135380527843 0.6846877709709844 0.4317165892487738 0.6832438513550588 0.43103975192880883 0.6818901767151285
1 0.4457271217720522 0.7131149384095202 0.44450881459611497 0.7138368982174829 0.4451179681840836 0.7159125326653762 0.4455917543080592 0.7178979221372738 0.44640395909201736 0.7169052274013249 0.4465393265560104 0.7147393479774365
1 0.4445764983281115 0.7021050513380874 0.44335819115217423 0.7021952963140826 0.44274903756420564 0.7037294609060036 0.4431551399561847 0.7059855853058875 0.44396734474014293 0.7068880350658407 0.4449149169880941 0.70535387047392 0.4451856519160801 0.7040904408099852
1 0.4099901112778931 0.7158222876893806 0.4087718041019558 0.7158222876893806 0.4077565481220081 0.7172662073053062 0.40795959931799763 0.7195223317051901 0.4091779064939349 0.7203345364891482 0.41012547874188604 0.7201540465371575 0.41046389740186867 0.7179881671132691
1 0.3846719808898861 0.6327299943259944 0.3838329263610037 0.632133333327678 0.38249043911479186 0.6328045769507838 0.38254637608338415 0.635265803568839 0.38327355667508217 0.6368320386894195 0.38450416998410963 0.6369812039389985 0.3850076027014391 0.6356387166927866
1 0.3949084461422514 0.6199763654869819 0.39334221102167094 0.6196780349878237 0.392335345587012 0.6213188527331938 0.3927269043671572 0.6237054967264591 0.39362189586463175 0.6256446449709874 0.3945728243306984 0.6246004882239338 0.39530000492239653 0.6228105052289846
1 0.39356595889603957 0.6469752756607978 0.3920556607440513 0.6466769451616396 0.39138441712094535 0.6483177629070096 0.3916081649953139 0.6503314937763274 0.3921115977126434 0.6521960593960661 0.39334221102167094 0.6521214767712764 0.39406939161336896 0.6501077459019587
1 0.38288199789493693 0.6574914257561238 0.3818751324602781 0.656969347382597 0.38092420399421134 0.6580135041296508 0.38070045611984277 0.6598780697493895 0.3810360779313957 0.6618172179939176 0.3823226282090154 0.6623392963674445 0.38288199789493693 0.6603255654981265
1 0.43630180290044973 0.6395170131818432 0.43669336168059497 0.6380999433108417 0.4365814877434106 0.6369066213142089 0.4349033786856458 0.6366082908150508 0.4336727653766183 0.6373541170629463 0.4333371435650653 0.6384728564347896 0.43400838718817125 0.6393678479322641 0.4347915047484615 0.6396661784314223
1 0.3997749624097693 0.6675600801027126 0.3993274666610321 0.6665905059804486 0.3978731054776359 0.6666650886052381 0.3971459248859378 0.6694246457224513 0.3972577988231221 0.6718858723405063 0.3980409163834123 0.6735266900858764 0.3989918448494791 0.6721842028396646 0.39943934059821645 0.6700958893455572
